11.0
12.333333333333334
6.333333333333333
14.333333333333334
10.33333333333333411.0
12.333333333333334
6.333333333333333
14.333333333333334
10.33333333333333411.0
12.333333333333334
6.333333333333333
14.333333333333334
10.33333333333333411.0
12.333333333333334
6.333333333333333
14.333333333333334
10.33333333333333411.0
12.333333333333334
6.333333333333333
14.333333333333334
10.33333333333333411.0
12.333333333333334
6.333333333333333
14.333333333333334
10.33333333333333411.0
12.333333333333334
6.333333333333333
14.333333333333334
10.33333333333333411.0
12.333333333333334
6.333333333333333
14.333333333333334
10.333333333333334